Index 1011111. .

Vita 0015011100 bonon. (1463) 167.
001. (1380) 723. 851. 1160.
0100, (1381) 852.

001010011101111051. (1279) 1058.
0111110 (1253( 1330.

1101110300. (1308) 1332.
0010100 V. (1417) 852.
Columbae ,(1506) 1332.
0111011110ον. 111115. (1224) 367.

01011501. (1312) 136.
0101101110 V. 1311) 572.

0001001111 V. (1296) 613. 731.
colomanni 30011 (1012) 141.
Columbae 1001 (1506) 1544.
conradi 00111011. (976) 140.
0110110 (1126) 20.
00155011111111101. (687)1113.
Cynici 01 31111100. (301) 188.
1101110111 11011010 ,(1341) 712.
Deoderioi (981) 66.

1101111101 136. 1058. 1333. 1584.
0010111000 de nont. (1391) 783. ,
0151101103. (130) 63.
Ι)111010111’(988) 15. 121.

1)]11100
3501110111 salisb. (1161) 199.
3050111 (1181) 173.

3111111101 0001. (1240) 269. 291.
3111101111 (1066) 120.

3101150111 toi-nno. (531) 371. 400.
31101111 11. (362) 28.

3110050111 0011001003. (1165) 173.

Thur. (1231) 201 435.

3110011(1011100) (1323) 1059.
313015011 001 (1225) 270.
3130150111110 110100 (1369) 788
31111100 (628) 598.
310111 ratisb. (000 9111) 130. 631.
3110111 antioch. 62.
31101 61100100 10310 (1151) 595.
3150150111 (793) 233.
3151131100 (679) 201.
31050111 trevir. (101111.) 360.
31130111 111. (1153) 181.
1110111011 (971) 206
10131101 111111. (1443) 919.
311100 (1253) 191.
31111111 (1030) 204.
Florentii (000. 11.) 58.

’ 3011101101. 655) 188.
3011110111 (982) 112.
Fortunati 101. (620) 63
3101000115. 01. (1218)598.
3111101001 Astis. (1266) 289 00. inopium

CLXXVII

, 1 . 3111101101 1. imp. (1190) 117. 126 0..

11011011 (1173) 292.

lood. (1127) 61.
31101011 (1006) 577.
0051101111 suevi (1088) 199.
0010011 ll. (1119) 12.
00111111 brancor. (1110) 62.

801011.)(1119) 62.

01 sociorum 359.

00100111( (1429) 1351.
00111111 0011. (1075) 138 1054.
01511011 (309 ) 141.
0101011 (681) 188.
003111110115111. (1118)60.
00001οΡ151151111112014203) 3560.
0001101 01 ’(1060) 113.
00011111 205.
(1010011111 112.
010100 V. (00013.) 360.
Gregorii Vll (1085) 116. 130295.

immm

01150111 504101. 033. (1122311.

0111101111 033, (1112) 143.

. 01 0010110111 (soc. Vll) 435. 5110110. (1209) 293.

101110. ((114) 141.
de wyk om (14001043.
0011110110 01 30110111 (o 305) 53.

Hadriani VI (1529) 1497.
1101111οἰ (1024) 199
Helenae oSA. (1408) 947.
Helenae 3100511100 913.
3011101 11. (1024) 140.

IV. (1106) 200. 116.

V (1125) 63. 116.

0 31100110 (1315) 704

110 Ρο111010190.

trevir. (1272 350 127.
3011130111 201.
3111150111 001. (1021) 28.
Herluini OSB. loeo. (33.9
1101111111 300. (1230) 1160·
'Hieronymi (4210603. 852. 1512.
11111030131005 (1179) 210.
'Homoboni 01011. 252.
11010111110130) 12.
1111301110 0111 (1109) 19. 60. 1360.

l 10101103. (730) 10.
. 1101011011001.01110111.(000311)233.

tionopolitnni (1132) 59.·1583.
10000110 (1124) 142.
3111110100 (1216) 293.
Hyacinthi 010001. (1257) 595.

ommmfflwmmssfflmwfflffl

1330 00,

3111101001 1051101. (1322) 598.
de 30110 (1328) 598.
(1οΡ01110 1507) 1314.

3101010000 3011. (1450) 917.

Fratrum 1100505. 58.

Min. V (1220) 950.

, 4300. 8010110111 (1313) 1332.
, : 300051101011, (000.

4 1110001111 ΙΙΙ( (1216) 576.

11111100 ((1. 1192) 57
?1si‹10ri hisp 636) 268.
Isidori 031100 0(1130)360
(300051 (10 111011 (1191) 1161.

.) 01
11

 

